-0.02000	-8.6
-0.01992	15.2
-0.01984	11.4
-0.01976	-8.7
-0.01968	-8.7
-0.01960	-0.7
-0.01952	15.3
-0.01944	3.5
-0.01936	3.2
-0.01928	3.3
-0.01920	7.4
-0.01912	7.2
-0.01904	-8.4
-0.01896	-5.0
-0.01888	-12.8
-0.01880	3.5
-0.01872	7.2
-0.01864	-16.7
-0.01856	-0.6
-0.01848	11.3
-0.01840	7.2
-0.01832	-4.5
-0.01824	3.3
-0.01816	3.2
-0.01808	-8.6
-0.01800	3.3
-0.01792	7.2
-0.01784	11.3
-0.01776	23.3
-0.01768	-12.6
-0.01760	-0.7
-0.01752	7.4
-0.01744	-12.6
-0.01736	-0.7
-0.01728	-4.7
-0.01720	3.3
-0.01712	-0.7
-0.01704	-0.4
-0.01696	-4.8
-0.01688	3.3
-0.01680	15.0
-0.01672	19.4
-0.01664	3.3
-0.01656	-4.7
-0.01648	3.2
-0.01640	-0.4
-0.01632	-0.7
-0.01624	7.4
-0.01616	7.2
-0.01608	-4.7
-0.01600	7.4
-0.01592	19.3
-0.01584	7.2
-0.01576	-4.5
-0.01568	19.3
-0.01560	11.3
-0.01552	3.3
-0.01544	-20.7
-0.01536	11.3
-0.01528	3.5
-0.01520	7.4
-0.01512	-8.7
-0.01504	19.4
-0.01496	7.1
-0.01488	3.3
-0.01480	-0.6
-0.01472	-0.7
-0.01464	-4.7
-0.01456	-0.6
-0.01448	-8.7
-0.01440	-36.7
-0.01432	-8.7
-0.01424	-4.7
-0.01416	-8.7
-0.01408	19.4
-0.01400	-4.7
-0.01392	-4.8
-0.01384	3.3
-0.01376	-0.6
-0.01368	7.2
-0.01360	-12.8
-0.01352	7.4
-0.01344	7.4
-0.01336	3.5
-0.01328	7.1
-0.01320	-0.7
-0.01312	15.5
-0.01304	3.3
-0.01296	-4.7
-0.01288	3.2
-0.01280	-0.6
-0.01272	-8.7
-0.01264	11.3
-0.01256	23.5
-0.01248	-4.8
-0.01240	-8.7
-0.01232	-8.6
-0.01224	7.2
-0.01216	3.3
-0.01208	15.3
-0.01200	-8.7
-0.01192	15.2
-0.01184	7.4
-0.01176	-0.7
-0.01168	-0.6
-0.01160	3.3
-0.01152	-0.7
-0.01144	-8.6
-0.01136	3.2
-0.01128	-4.5
-0.01120	7.2
-0.01112	3.3
-0.01104	-4.7
-0.01096	-0.7
-0.01088	7.4
-0.01080	-0.7
-0.01072	-4.7
-0.01064	-16.5
-0.01056	7.1
-0.01048	-16.5
-0.01040	-0.7
-0.01032	3.3
-0.01024	15.3
-0.01016	-0.7
-0.01008	-12.6
-0.01000	7.4
-0.00992	15.3
-0.00984	-4.8
-0.00976	3.3
-0.00968	15.3
-0.00960	-4.7
-0.00952	3.2
-0.00944	19.4
-0.00936	-16.7
-0.00928	7.2
-0.00920	-4.5
-0.00912	-8.7
-0.00904	-20.7
-0.00896	19.3
-0.00888	7.4
-0.00880	-0.7
-0.00872	-12.6
-0.00864	-0.6
-0.00856	7.2
-0.00848	-4.7
-0.00840	11.3
-0.00832	-12.6
-0.00824	-0.7
-0.00816	-0.6
-0.00808	-4.8
-0.00800	7.4
-0.00792	27.4
-0.00784	15.2
-0.00776	3.5
-0.00768	-4.8
-0.00760	-28.6
-0.00752	-0.7
-0.00744	-4.8
-0.00736	7.4
-0.00728	19.6
-0.00720	-0.9
-0.00712	7.2
-0.00704	-4.7
-0.00696	-4.5
-0.00688	7.1
-0.00680	7.5
-0.00672	-4.8
-0.00664	7.2
-0.00656	3.5
-0.00648	-0.6
-0.00640	11.3
-0.00632	11.1
-0.00624	-8.6
-0.00616	7.2
-0.00608	-4.7
-0.00600	-0.7
-0.00592	7.4
-0.00584	7.4
-0.00576	-4.7
-0.00568	3.3
-0.00560	-0.7
-0.00552	-8.7
-0.00544	-4.8
-0.00536	3.5
-0.00528	-12.8
-0.00520	-0.6
-0.00512	15.3
-0.00504	-8.7
-0.00496	-16.7
-0.00488	3.3
-0.00480	-0.6
-0.00472	-0.9
-0.00464	-12.6
-0.00456	-4.7
-0.00448	-16.7
-0.00440	-0.7
-0.00432	3.3
-0.00424	3.5
-0.00416	-8.6
-0.00408	7.1
-0.00400	3.3
-0.00392	3.5
-0.00384	-4.8
-0.00376	-0.6
-0.00368	-12.8
-0.00360	3.3
-0.00352	-4.7
-0.00344	-0.6
-0.00336	3.2
-0.00328	11.4
-0.00320	-4.7
-0.00312	-8.7
-0.00304	3.3
-0.00296	7.2
-0.00288	-8.7
-0.00280	-12.6
-0.00272	7.4
-0.00264	-5.0
-0.00256	-4.5
-0.00248	-0.6
-0.00240	-0.7
-0.00232	19.4
-0.00224	-12.8
-0.00216	15.3
-0.00208	7.4
-0.00200	-16.7
-0.00192	-12.8
-0.00184	-4.7
-0.00176	7.4
-0.00168	3.2
-0.00160	11.3
-0.00152	-4.7
-0.00144	-4.7
-0.00136	-16.7
-0.00128	-4.7
-0.00120	3.3
-0.00112	-4.5
-0.00104	-0.9
-0.00096	-12.8
-0.00088	15.5
-0.00080	7.2
-0.00072	7.4
-0.00064	-4.8
-0.00056	-0.4
-0.00048	15.2
-0.00040	-0.7
-0.00032	-12.6
-0.00024	-8.7
-0.00016	-16.7
-0.00008	-8.7
0.00000	-768.6
0.00008	-1372.8
0.00016	-1184.7
0.00024	-1424.7
0.00032	-1612.5
0.00040	-1813.1
0.00048	-1872.5
0.00056	-1944.7
0.00064	-2208.7
0.00072	-2440.7
0.00080	-2548.6
0.00088	-2632.8
0.00096	-2736.7
0.00104	-2776.7
0.00112	-2840.7
0.00120	-2964.7
0.00128	-3092.8
0.00136	-3140.4
0.00144	-3116.8
0.00152	-3088.7
0.00160	-3092.6
0.00168	-3076.7
0.00176	-3064.7
0.00184	-3100.7
0.00192	-3044.7
0.00200	-2972.8
0.00208	-2876.7
0.00216	-2772.5
0.00224	-2704.8
0.00232	-2640.7
0.00240	-2540.6
0.00248	-2432.6
0.00256	-2264.8
0.00264	-2116.7
0.00272	-1976.5
0.00280	-1852.8
0.00288	-1708.7
0.00296	-1564.8
0.00304	-1404.5
0.00312	-1236.7
0.00320	-1045.0
0.00328	-876.5
0.00336	-712.6
0.00344	-548.7
0.00352	-384.7
0.00360	-172.6
0.00368	-12.8
0.00376	75.3
0.00384	347.2
0.00392	483.5
0.00400	651.3
0.00408	795.3
0.00416	975.2
0.00424	1143.3
0.00432	1295.3
0.00440	1419.3
0.00448	1547.4
0.00456	1687.2
0.00464	1807.4
0.00472	1943.3
0.00480	2063.5
0.00488	2175.3
0.00496	2263.3
0.00504	2339.3
0.00512	2439.3
0.00520	2519.4
0.00528	2571.3
0.00536	2651.1
0.00544	2711.4
0.00552	2759.3
0.00560	2783.3
0.00568	2819.4
0.00576	2831.3
0.00584	2883.5
0.00592	2879.1
0.00600	2867.4
0.00608	2867.4
0.00616	2823.2
0.00624	2803.3
0.00632	2763.3
0.00640	2739.6
0.00648	2691.3
0.00656	2651.3
0.00664	2575.2
0.00672	2523.3
0.00680	2463.3
0.00688	2359.3
0.00696	2299.3
0.00704	2191.6
0.00712	2111.3
0.00720	2031.1
0.00728	1915.5
0.00736	1847.1
0.00744	1735.7
0.00752	1639.1
0.00760	1519.3
0.00768	1395.3
0.00776	1311.1
0.00784	1187.5
0.00792	1119.4
0.00800	991.3
0.00808	899.3
0.00816	775.3
0.00824	687.2
0.00832	587.2
0.00840	479.4
0.00848	375.3
0.00856	287.4
0.00864	171.3
0.00872	83.3
0.00880	31.4
0.00888	-0.7
0.00896	-40.7
0.00904	-208.7
0.00912	-252.6
0.00920	-316.7
0.00928	-344.8
0.00936	-384.3
0.00944	-444.8
0.00952	-488.9
0.00960	-508.4
0.00968	-532.9
0.00976	-568.7
0.00984	-592.6
0.00992	-564.7
0.01000	-588.7
0.01008	-584.7
0.01016	-584.8
0.01024	-552.6
0.01032	-556.5
0.01040	-524.8
0.01048	-504.7
0.01056	-472.6
0.01064	-424.8
0.01072	-388.6
0.01080	-328.7
0.01088	-284.8
0.01096	-260.6
0.01104	-188.7
0.01112	-100.6
0.01120	-24.7
0.01128	-24.8
0.01136	7.4
0.01144	103.3
0.01152	219.3
0.01160	271.4
0.01168	351.4
0.01176	419.1
0.01184	511.4
0.01192	567.2
0.01200	651.1
0.01208	719.4
0.01216	791.3
0.01224	891.4
0.01232	935.2
0.01240	1003.3
0.01248	1067.2
0.01256	1131.4
0.01264	1223.3
0.01272	1259.4
0.01280	1315.2
0.01288	1375.3
0.01296	1451.3
0.01304	1495.5
0.01312	1563.2
0.01320	1607.2
0.01328	1635.3
0.01336	1683.3
0.01344	1727.5
0.01352	1771.1
0.01360	1803.5
0.01368	1831.1
0.01376	1879.4
0.01384	1903.3
0.01392	1923.2
0.01400	1943.5
0.01408	1951.3
0.01416	1975.3
0.01424	1975.3
0.01432	1963.2
0.01440	1967.4
0.01448	1995.3
0.01456	1963.2
0.01464	1975.5
0.01472	1959.3
0.01480	1943.5
0.01488	1947.2
0.01496	1911.3
0.01504	1903.3
0.01512	1851.3
0.01520	1863.3
0.01528	1819.4
0.01536	1783.3
0.01544	1751.1
0.01552	1735.3
0.01560	1691.4
0.01568	1635.3
0.01576	1615.5
0.01584	1567.1
0.01592	1531.4
0.01600	1463.3
0.01608	1443.3
0.01616	1399.3
0.01624	1375.2
0.01632	1319.3
0.01640	1287.5
0.01648	1259.3
0.01656	1207.2
0.01664	1183.5
0.01672	1151.3
0.01680	1091.1
0.01688	1083.5
0.01696	1035.3
0.01704	1031.3
0.01712	991.3
0.01720	971.3
0.01728	939.4
0.01736	915.3
0.01744	859.3
0.01752	863.3
0.01760	863.3
0.01768	823.3
0.01776	799.3
0.01784	787.4
0.01792	775.3
0.01800	771.3
0.01808	763.5
0.01816	747.1
0.01824	783.6
0.01832	743.3
0.01840	731.3
0.01848	723.2
0.01856	739.3
0.01864	759.4
0.01872	751.3
0.01880	767.4
0.01888	771.1
0.01896	791.4
0.01904	787.2
0.01912	823.3
0.01920	815.5
0.01928	835.2
0.01936	867.4
0.01944	903.3
0.01952	919.3
0.01960	951.4
0.01968	979.3
0.01976	991.3
0.01984	1019.3
0.01992	1063.5
0.02000	1099.1
0.02008	1111.4
0.02016	1123.5
0.02024	1147.1
0.02032	1215.5
0.02040	1223.3
0.02048	1255.2
0.02056	1275.3
0.02064	1299.4
0.02072	1351.3
0.02080	1355.3
0.02088	1347.2
0.02096	1383.5
0.02104	1379.1
0.02112	1399.4
0.02120	1391.3
0.02128	1403.3
0.02136	1407.2
0.02144	1407.4
0.02152	1431.3
0.02160	1435.3
0.02168	1415.3
0.02176	1431.3
0.02184	1423.3
0.02192	1447.2
0.02200	1439.4
0.02208	1447.4
0.02216	1435.3
0.02224	1471.3
0.02232	1455.2
0.02240	1487.4
0.02248	1467.4
0.02256	1463.3
0.02264	1471.1
0.02272	1467.5
0.02280	1467.2
0.02288	1463.3
0.02296	1479.3
0.02304	1475.3
0.02312	1507.4
0.02320	1503.2
0.02328	1503.5
0.02336	1487.2
0.02344	1507.4
0.02352	1499.3
0.02360	1503.3
0.02368	1495.3
0.02376	1507.5
0.02384	1503.2
0.02392	1523.5
0.02400	1503.2
0.02408	1507.2
0.02416	1515.3
0.02424	1499.3
0.02432	1519.4
0.02440	1531.3
0.02448	1515.3
0.02456	1523.2
0.02464	1499.4
0.02472	1507.4
0.02480	1499.3
0.02488	1519.6
0.02496	1523.0
0.02504	1511.4
0.02512	1515.5
0.02520	1539.1
0.02528	1523.3
0.02536	1523.2
0.02544	1539.4
0.02552	1515.5
0.02560	1539.1
0.02568	1535.5
0.02576	1563.2
0.02584	1535.3
0.02592	1551.6
0.02600	1543.0
0.02608	1523.3
0.02616	1539.4
0.02624	1567.4
0.02632	1555.2
0.02640	1555.3
0.02648	1535.3
0.02656	1531.3
0.02664	1535.3
0.02672	1535.2
0.02680	1539.6
0.02688	1551.1
0.02696	1543.3
0.02704	1559.3
0.02712	1571.4
0.02720	1571.3
0.02728	1567.4
0.02736	1551.3
0.02744	1555.3
0.02752	1579.3
0.02760	1555.3
0.02768	1567.4
0.02776	1591.3
0.02784	1567.2
0.02792	1543.3
0.02800	1547.2
0.02808	1567.5
0.02816	1579.3
0.02824	1575.3
0.02832	1563.3
0.02840	1567.4
0.02848	1579.1
0.02856	1559.4
0.02864	1563.5
0.02872	1579.3
0.02880	1591.1
0.02888	1567.5
0.02896	1571.4
0.02904	1575.2
0.02912	1571.3
0.02920	1571.3
0.02928	1563.2
0.02936	1563.5
0.02944	1575.2
0.02952	1563.5
0.02960	1567.1
0.02968	1563.5
0.02976	1563.3
0.02984	1575.3
0.02992	1595.2
0.03000	1595.3
0.03008	1567.4
0.03016	1571.4
0.03024	1563.2
0.03032	1563.5
0.03040	1579.3
0.03048	1555.3
0.03056	1571.3
0.03064	1575.3
0.03072	1567.2
0.03080	1563.3
0.03088	1563.2
0.03096	1567.4
0.03104	1575.5
0.03112	1559.1
0.03120	1563.6
0.03128	1551.1
0.03136	1563.2
0.03144	1555.5
0.03152	1555.3
0.03160	1571.3
0.03168	1555.3
0.03176	1551.3
0.03184	1551.3
0.03192	1575.3
0.03200	1547.2
0.03208	1563.3
0.03216	1575.3
0.03224	1547.4
0.03232	1591.3
0.03240	1571.3
0.03248	1555.3
0.03256	1527.2
0.03264	1539.4
0.03272	1543.3
0.03280	1543.3
0.03288	1547.4
0.03296	1551.1
0.03304	1543.3
0.03312	1551.6
0.03320	1559.3
0.03328	1567.2
0.03336	1559.4
0.03344	1563.3
0.03352	1555.2
0.03360	1531.4
0.03368	1539.3
0.03376	1511.3
0.03384	1543.3
0.03392	1523.3
0.03400	1535.3
0.03408	1539.3
0.03416	1507.4
0.03424	1515.2
0.03432	1507.5
0.03440	1507.2
0.03448	1507.2
0.03456	1523.3
0.03464	1495.3
0.03472	1499.3
0.03480	1499.4
0.03488	1491.3
0.03496	1479.3
0.03504	1507.4
0.03512	1471.4
0.03520	1483.2
0.03528	1475.3
0.03536	1483.3
0.03544	1479.4
0.03552	1475.2
0.03560	1487.4
0.03568	1463.3
0.03576	1459.3
0.03584	1463.3
0.03592	1455.2
0.03600	1467.5
0.03608	1467.2
0.03616	1471.4
0.03624	1439.3
0.03632	1447.2
0.03640	1455.3
0.03648	1467.2
0.03656	1455.3
0.03664	1471.3
0.03672	1451.3
0.03680	1451.4
0.03688	1471.4
0.03696	1443.3
0.03704	1443.3
0.03712	1455.2
0.03720	1459.3
0.03728	1459.4
0.03736	1455.3
0.03744	1459.3
0.03752	1451.3
0.03760	1431.3
0.03768	1439.4
0.03776	1451.3
0.03784	1431.3
0.03792	1459.6
0.03800	1427.2
0.03808	1439.3
0.03816	1443.2
0.03824	1415.5
0.03832	1435.2
0.03840	1415.5
0.03848	1407.1
0.03856	1419.4
0.03864	1431.3
0.03872	1427.4
0.03880	1423.3
0.03888	1403.2
0.03896	1403.5
0.03904	1403.3
0.03912	1399.3
0.03920	1415.3
0.03928	1395.3
0.03936	1383.3
0.03944	1379.3
0.03952	1379.4
0.03960	1379.3
0.03968	1383.3
0.03976	1371.3
0.03984	1371.4
0.03992	1371.1
0.04000	1359.4
0.04008	1351.4
0.04016	1355.2
0.04024	1359.3
0.04032	1367.4
0.04040	1335.3
0.04048	1323.2
0.04056	1347.4
0.04064	1343.3
0.04072	1319.3
0.04080	1323.3
0.04088	1319.4
0.04096	1335.3
0.04104	1339.3
0.04112	1319.4
0.04120	1339.4
0.04128	1335.2
0.04136	1327.2
0.04144	1323.3
0.04152	1307.2
0.04160	1307.4
0.04168	1319.3
0.04176	1315.2
0.04184	1303.6
0.04192	1299.3
0.04200	1311.3
0.04208	1295.3
0.04216	1291.3
0.04224	1311.3
0.04232	1295.3
0.04240	1291.3
0.04248	1267.4
0.04256	1263.3
0.04264	1275.3
0.04272	1267.2
0.04280	1255.3
0.04288	1247.2
0.04296	1251.4
0.04304	1235.3
0.04312	1243.2
0.04320	1239.4
0.04328	1227.2
0.04336	1223.3
0.04344	1195.3
0.04352	1195.3
0.04360	1171.3
0.04368	1183.3
0.04376	1179.4
0.04384	1155.3
0.04392	1155.2
0.04400	1139.4
0.04408	1155.2
0.04416	1147.4
0.04424	1123.3
0.04432	1135.3
0.04440	1103.2
0.04448	1107.5
0.04456	1103.2
0.04464	1099.3
0.04472	1071.4
0.04480	1095.3
0.04488	1059.3
0.04496	1039.4
0.04504	1063.2
0.04512	1067.4
0.04520	1035.5
0.04528	1031.1
0.04536	1043.3
0.04544	1055.2
0.04552	1027.4
0.04560	1039.4
0.04568	1015.2
0.04576	999.4
0.04584	1019.1
0.04592	1007.4
0.04600	995.3
0.04608	1015.5
0.04616	987.4
0.04624	987.2
0.04632	983.2
0.04640	999.4
0.04648	1003.3
0.04656	987.2
0.04664	999.4
0.04672	971.3
0.04680	967.4
0.04688	1015.3
0.04696	995.5
0.04704	995.0
0.04712	979.6
0.04720	987.1
0.04728	1003.5
0.04736	1011.3
0.04744	1003.3
0.04752	1003.3
0.04760	1011.3
0.04768	1027.4
0.04776	1023.3
0.04784	1003.3
0.04792	1031.4
0.04800	1031.4
0.04808	1027.1
0.04816	1027.5
0.04824	1019.1
0.04832	1035.5
0.04840	1035.3
0.04848	1031.3
0.04856	1023.2
0.04864	1043.5
0.04872	1043.3
0.04880	1019.3
0.04888	1039.4
0.04896	1059.3
0.04904	1031.4
0.04912	1039.3
0.04920	1083.3
0.04928	1075.3
0.04936	1059.3
0.04944	1039.4
0.04952	1071.3
0.04960	1083.3
0.04968	1047.2
0.04976	1051.3
0.04984	1067.5
0.04992	1067.2
0.05000	1035.3
0.05008	1039.3
0.05016	1035.3
0.05024	1035.2
0.05032	1043.5
0.05040	1019.1
0.05048	1055.5
0.05056	1023.3
0.05064	1027.4
0.05072	1035.2
0.05080	1027.4
0.05088	1027.2
0.05096	1031.4
0.05104	1003.3
0.05112	1015.3
0.05120	1015.3
0.05128	1015.2
0.05136	1027.4
0.05144	999.1
0.05152	1003.6
0.05160	987.4
0.05168	1003.0
0.05176	983.5
0.05184	983.3
0.05192	979.3
0.05200	983.5
0.05208	999.3
0.05216	967.2
0.05224	995.3
0.05232	975.3
0.05240	987.2
0.05248	971.4
0.05256	963.3
0.05264	967.2
0.05272	967.2
0.05280	971.4
0.05288	975.2
0.05296	963.3
0.05304	939.4
0.05312	943.5
0.05320	943.3
0.05328	919.3
0.05336	935.2
0.05344	919.4
0.05352	923.3
0.05360	931.4
0.05368	911.1
0.05376	919.4
0.05384	903.3
0.05392	919.1
0.05400	915.3
0.05408	923.5
0.05416	923.2
0.05424	899.4
0.05432	891.4
0.05440	891.3
0.05448	879.3
0.05456	875.2
0.05464	891.3
0.05472	895.5
0.05480	875.3
0.05488	871.1
0.05496	883.5
0.05504	867.2
0.05512	867.4
0.05520	847.4
0.05528	875.2
0.05536	871.3
0.05544	855.3
0.05552	847.2
0.05560	827.5
0.05568	831.3
0.05576	863.2
0.05584	843.3
0.05592	835.2
0.05600	847.5
0.05608	843.3
0.05616	823.3
0.05624	839.4
0.05632	843.3
0.05640	811.3
0.05648	815.3
0.05656	815.3
0.05664	807.4
0.05672	807.1
0.05680	807.4
0.05688	815.3
0.05696	807.2
0.05704	803.5
0.05712	795.2
0.05720	787.4
0.05728	795.3
0.05736	799.1
0.05744	791.4
0.05752	799.6
0.05760	763.2
0.05768	771.1
0.05776	779.6
0.05784	791.3
0.05792	755.2
0.05800	747.4
0.05808	755.3
0.05816	739.4
0.05824	755.3
0.05832	751.1
0.05840	751.3
0.05848	759.4
0.05856	719.3
0.05864	727.2
0.05872	755.5
0.05880	723.2
0.05888	747.4
0.05896	723.3
0.05904	707.2
0.05912	727.5
0.05920	711.3
0.05928	711.3
0.05936	719.3
0.05944	723.3
0.05952	715.3
0.05960	707.4
0.05968	707.2
0.05976	707.2
0.05984	687.5
0.05992	699.3
0.06000	691.1
0.06008	695.5
0.06016	691.3
0.06024	695.3
0.06032	663.3
0.06040	687.2
0.06048	691.4
0.06056	683.2
0.06064	691.4
0.06072	659.3
0.06080	651.3
0.06088	647.4
0.06096	659.4
0.06104	659.1
0.06112	671.3
0.06120	659.4
0.06128	639.3
0.06136	647.5
0.06144	639.3
0.06152	623.2
0.06160	643.5
0.06168	639.3
0.06176	627.2
0.06184	631.4
0.06192	643.3
0.06200	627.4
0.06208	631.3
0.06216	623.2
0.06224	619.4
0.06232	611.4
0.06240	631.1
0.06248	607.4
0.06256	615.3
0.06264	595.2
0.06272	623.5
0.06280	595.2
0.06288	583.2
0.06296	607.5
0.06304	591.1
0.06312	579.3
0.06320	595.7
0.06328	599.1
0.06336	587.5
0.06344	555.2
0.06352	583.3
0.06360	583.2
0.06368	587.4
0.06376	591.6
0.06384	559.1
0.06392	555.3
0.06400	575.2
0.06408	555.5
0.06416	551.1
0.06424	559.4
0.06432	551.3
0.06440	563.5
0.06448	563.2
0.06456	559.4
0.06464	539.4
0.06472	547.2
0.06480	539.3
0.06488	547.4
0.06496	555.2
0.06504	531.4
0.06512	547.2
0.06520	503.5
0.06528	519.1
0.06536	519.4
0.06544	543.3
0.06552	511.3
0.06560	503.3
0.06568	519.3
0.06576	507.5
0.06584	535.2
0.06592	499.3
0.06600	519.3
0.06608	507.5
0.06616	503.2
0.06624	515.3
0.06632	499.4
0.06640	495.3
0.06648	491.3
0.06656	495.3
0.06664	487.4
0.06672	487.1
0.06680	475.3
0.06688	491.3
0.06696	475.5
0.06704	491.3
0.06712	491.3
0.06720	471.4
0.06728	459.1
0.06736	439.4
0.06744	475.3
0.06752	463.3
0.06760	467.4
0.06768	463.2
0.06776	451.4
0.06784	451.3
0.06792	447.2
0.06800	451.4
0.06808	455.3
0.06816	435.2
0.06824	423.3
0.06832	439.4
0.06840	443.3
0.06848	455.3
0.06856	447.2
0.06864	419.3
0.06872	419.3
0.06880	407.5
0.06888	419.1
0.06896	427.4
0.06904	423.3
0.06912	423.5
0.06920	407.2
0.06928	423.3
0.06936	423.3
0.06944	395.2
0.06952	411.4
0.06960	431.3
0.06968	375.2
0.06976	415.3
0.06984	375.5
0.06992	419.3
0.07000	399.3
0.07008	403.3
0.07016	391.3
0.07024	403.5
0.07032	375.2
0.07040	391.3
0.07048	391.4
0.07056	375.3
0.07064	383.2
0.07072	379.4
0.07080	383.3
0.07088	379.3
0.07096	371.4
0.07104	355.3
0.07112	387.2
0.07120	367.2
0.07128	371.4
0.07136	355.5
0.07144	367.1
0.07152	359.4
0.07160	367.2
0.07168	355.3
0.07176	343.3
0.07184	347.1
0.07192	343.5
0.07200	347.4
0.07208	347.4
0.07216	343.3
0.07224	343.3
0.07232	331.3
0.07240	355.3
0.07248	327.2
0.07256	339.4
0.07264	331.3
0.07272	323.3
0.07280	311.3
0.07288	343.3
0.07296	327.2
0.07304	331.6
0.07312	307.1
0.07320	335.3
0.07328	331.4
0.07336	323.2
0.07344	303.3
0.07352	311.4
0.07360	307.4
0.07368	307.1
0.07376	319.4
0.07384	299.4
0.07392	303.2
0.07400	323.5
0.07408	323.2
0.07416	315.5
0.07424	319.3
0.07432	299.4
0.07440	339.3
0.07448	287.2
0.07456	319.4
0.07464	307.4
0.07472	291.3
0.07480	275.2
0.07488	303.3
0.07496	271.4
0.07504	279.3
0.07512	279.3
0.07520	287.2
0.07528	275.2
0.07536	275.5
0.07544	275.3
0.07552	299.4
0.07560	283.3
0.07568	255.2
0.07576	291.3
0.07584	271.4
0.07592	271.3
0.07600	267.4
0.07608	255.3
0.07616	283.2
0.07624	263.2
0.07632	271.6
0.07640	259.3
0.07648	271.3
0.07656	267.2
0.07664	271.3
0.07672	259.4
0.07680	271.3
0.07688	275.3
0.07696	275.3
0.07704	255.3
0.07712	243.3
0.07720	231.3
0.07728	243.3
0.07736	271.4
0.07744	267.2
0.07752	247.2
0.07760	247.4
0.07768	243.3
0.07776	255.3
0.07784	255.2
0.07792	251.4
0.07800	255.3
0.07808	271.3
0.07816	235.3
0.07824	247.4
0.07832	247.2
0.07840	231.3
0.07848	247.4
0.07856	235.3
0.07864	239.3
0.07872	239.4
0.07880	243.2
0.07888	259.3
0.07896	227.5
0.07904	207.1
0.07912	235.5
0.07920	219.3
0.07928	243.5
0.07936	227.2
0.07944	215.2
0.07952	223.3
0.07960	203.5
0.07968	231.3
0.07976	231.3
0.07984	223.2
0.07992	235.5
0.08000	231.3
0.08008	211.3
0.08016	215.3
0.08024	195.2
0.08032	243.5
0.08040	219.3
0.08048	207.4
0.08056	203.3
0.08064	211.4
0.08072	211.0
0.08080	207.5
0.08088	215.3
0.08096	199.3
0.08104	191.3
0.08112	207.4
0.08120	195.2
0.08128	207.4
0.08136	187.4
0.08144	195.3
0.08152	203.2
0.08160	199.6
0.08168	199.3
0.08176	191.3
0.08184	207.2
0.08192	215.3
0.08200	211.3
0.08208	175.3
0.08216	203.2
0.08224	191.4
0.08232	183.3
0.08240	199.4
0.08248	203.2
0.08256	211.4
0.08264	203.2
0.08272	187.4
0.08280	191.3
0.08288	179.4
0.08296	171.3
0.08304	187.4
0.08312	179.3
0.08320	171.3
0.08328	191.4
0.08336	195.3
0.08344	171.3
0.08352	159.1
0.08360	203.5
0.08368	187.4
0.08376	183.0
0.08384	179.6
0.08392	187.2
0.08400	179.4
0.08408	171.3
0.08416	179.3
0.08424	155.3
0.08432	179.3
0.08440	175.3
0.08448	159.3
0.08456	175.3
0.08464	159.6
0.08472	151.1
0.08480	159.3
0.08488	163.5
0.08496	155.3
0.08504	175.2
0.08512	167.4
0.08520	171.3
0.08528	163.3
0.08536	167.2
0.08544	163.5
0.08552	159.3
0.08560	183.3
0.08568	151.3
0.08576	175.3
0.08584	159.4
0.08592	143.3
0.08600	159.1
0.08608	143.5
0.08616	155.3
0.08624	159.4
0.08632	155.2
0.08640	139.3
0.08648	135.3
0.08656	143.3
0.08664	147.4
0.08672	139.3
0.08680	155.3
0.08688	151.3
0.08696	143.3
0.08704	163.3
0.08712	143.3
0.08720	143.3
0.08728	175.3
0.08736	155.2
0.08744	155.3
0.08752	155.3
0.08760	143.5
0.08768	127.2
0.08776	139.3
0.08784	123.3
0.08792	135.3
0.08800	147.2
0.08808	123.3
0.08816	127.4
0.08824	139.3
0.08832	115.5
0.08840	139.3
0.08848	147.2
0.08856	115.5
0.08864	135.2
0.08872	115.5
0.08880	131.1
0.08888	111.3
0.08896	127.4
0.08904	143.2
0.08912	127.5
0.08920	119.1
0.08928	115.7
0.08936	127.1
0.08944	135.5
0.08952	127.2
0.08960	139.3
0.08968	135.3
0.08976	123.2
0.08984	103.3
0.08992	123.5
0.09000	119.3
0.09008	127.4
0.09016	119.3
0.09024	119.6
0.09032	111.1
0.09040	115.2
0.09048	107.4
0.09056	107.2
0.09064	115.5
0.09072	123.2
0.09080	111.3
0.09088	115.5
0.09096	115.2
0.09104	115.3
0.09112	107.4
0.09120	79.4
0.09128	111.3
0.09136	87.2
0.09144	95.3
0.09152	107.5
0.09160	107.2
0.09168	79.3
0.09176	103.2
0.09184	107.4
0.09192	67.4
0.09200	95.2
0.09208	75.5
0.09216	87.2
0.09224	107.2
0.09232	91.3
0.09240	111.4
0.09248	95.2
0.09256	95.5
0.09264	75.2
0.09272	71.4
0.09280	103.2
0.09288	91.3
0.09296	55.3
0.09304	99.6
0.09312	75.0
0.09320	91.4
0.09328	83.3
0.09336	83.2
0.09344	79.4
0.09352	83.3
0.09360	63.3
0.09368	91.4
0.09376	95.2
0.09384	71.4
0.09392	91.1
0.09400	79.4
0.09408	75.2
0.09416	79.4
0.09424	75.3
0.09432	79.4
0.09440	87.2
0.09448	59.6
0.09456	79.1
0.09464	87.4
0.09472	75.2
0.09480	75.5
0.09488	71.3
0.09496	71.1
0.09504	67.4
0.09512	43.3
0.09520	51.4
0.09528	59.1
0.09536	67.5
0.09544	67.2
0.09552	75.2
0.09560	67.5
0.09568	71.1
0.09576	55.3
0.09584	47.4
0.09592	79.3
0.09600	55.3
0.09608	27.5
0.09616	51.1
0.09624	39.3
0.09632	55.5
0.09640	55.2
0.09648	47.2
0.09656	63.3
0.09664	47.4
0.09672	59.3
0.09680	39.3
0.09688	55.5
0.09696	47.2
0.09704	59.4
0.09712	55.2
0.09720	63.3
0.09728	63.3
0.09736	55.3
0.09744	51.3
0.09752	27.4
0.09760	39.3
0.09768	59.4
0.09776	27.2
0.09784	43.5
0.09792	43.2
0.09800	39.4
0.09808	59.4
0.09816	27.4
0.09824	23.2
0.09832	35.3
0.09840	47.4
0.09848	35.3
0.09856	43.3
0.09864	27.4
0.09872	35.2
0.09880	19.1
0.09888	31.6
0.09896	15.0
0.09904	27.4
0.09912	31.4
0.09920	27.2
0.09928	23.5
0.09936	7.2
0.09944	15.3
0.09952	27.2
0.09960	11.6
0.09968	39.1
0.09976	23.3
0.09984	19.4
0.09992	-0.7
0.10000	7.2
0.10008	19.4
0.10016	23.2
0.10024	23.5
0.10032	3.2
0.10040	3.5
0.10048	7.2
0.10056	31.6
0.10064	3.0
0.10072	-4.5
0.10080	11.3
0.10088	27.2
0.10096	11.4
0.10104	7.2
0.10112	-0.6
0.10120	15.3
0.10128	-0.9
0.10136	3.3
0.10144	19.4
0.10152	7.4
0.10160	-8.7
0.10168	-4.5
0.10176	-5.0
0.10184	3.3
0.10192	3.3
0.10200	-12.8
0.10208	3.5
0.10216	3.3
0.10224	11.4
0.10232	15.2
0.10240	-0.6
0.10248	3.2
0.10256	-12.6
0.10264	-0.6
0.10272	-16.8
0.10280	-4.5
0.10288	-12.9
0.10296	-20.6
0.10304	-20.6
0.10312	-8.7
0.10320	-4.8
0.10328	-0.6
0.10336	-0.7
0.10344	-12.6
0.10352	-24.7
0.10360	-4.8
0.10368	-24.5
0.10376	3.2
0.10384	-4.5
0.10392	-4.7
0.10400	-20.9
0.10408	-52.6
0.10416	11.4
0.10424	7.4
0.10432	-24.8
0.10440	7.2
0.10448	-20.6
0.10456	-24.7
0.10464	-16.7
0.10472	-4.8
0.10480	-0.6
0.10488	-0.6
0.10496	-16.8
0.10504	-20.7
0.10512	-12.6
0.10520	-20.6
0.10528	-12.6
0.10536	3.2
0.10544	-36.5
0.10552	3.3
0.10560	-8.9
0.10568	-4.5
0.10576	-8.9
0.10584	-12.6
0.10592	-28.7
0.10600	-32.8
0.10608	-12.6
0.10616	-36.5
0.10624	-28.9
0.10632	-12.6
0.10640	-4.5
0.10648	-36.7
0.10656	-36.8
0.10664	-28.6
0.10672	-32.6
0.10680	-32.9
0.10688	-24.7
0.10696	-16.7
0.10704	-20.7
0.10712	-12.6
0.10720	-32.5
0.10728	-20.9
0.10736	-36.5
0.10744	-20.9
0.10752	-24.5
0.10760	-24.7
0.10768	-12.6
0.10776	-25.0
0.10784	-32.6
0.10792	-16.5
0.10800	-4.8
0.10808	-32.5
0.10816	-40.9
0.10824	-12.6
0.10832	-8.7
0.10840	-44.7
0.10848	-24.7
0.10856	-32.6
0.10864	-32.9
0.10872	-28.7
0.10880	-36.5
0.10888	-8.7
0.10896	-28.7
0.10904	-32.6
0.10912	-36.8
0.10920	-48.4
0.10928	-28.9
0.10936	-0.7
0.10944	-28.6
0.10952	-16.7
0.10960	-16.7
0.10968	-12.6
0.10976	-16.8
0.10984	-40.4
0.10992	-20.9
0.11000	-36.5
0.11008	-28.9
0.11016	-16.5
0.11024	-28.7
0.11032	-24.7
0.11040	-32.8
0.11048	-40.7
0.11056	-16.5
0.11064	-40.7
0.11072	-36.5
0.11080	-17.0
0.11088	-36.5
0.11096	-40.7
0.11104	-16.7
0.11112	-24.7
0.11120	-48.7
0.11128	-32.6
0.11136	-36.7
0.11144	-20.6
0.11152	-36.7
0.11160	-36.8
0.11168	-20.6
0.11176	-56.8
0.11184	-24.5
0.11192	-28.7
0.11200	-37.0
0.11208	-32.5
0.11216	-20.6
0.11224	-20.7
0.11232	-36.7
0.11240	-36.5
0.11248	-48.7
0.11256	-28.7
0.11264	11.3
0.11272	-8.7
0.11280	-24.7
0.11288	-16.8
0.11296	-32.6
0.11304	-20.7
0.11312	-52.5
0.11320	-24.8
0.11328	-28.7
0.11336	-16.7
0.11344	-12.8
0.11352	-36.7
0.11360	-16.5
0.11368	-32.6
0.11376	-28.9
0.11384	-24.5
0.11392	-40.7
0.11400	-24.8
0.11408	-24.7
0.11416	-32.5
0.11424	-20.7
0.11432	-32.8
0.11440	-32.6
0.11448	-20.7
0.11456	-28.7
0.11464	-32.5
0.11472	-32.9
0.11480	-28.7
0.11488	-16.5
0.11496	-9.0
0.11504	-16.5
0.11512	-32.6
0.11520	-32.6
0.11528	-20.6
0.11536	-36.8
0.11544	-28.6
0.11552	-36.5
0.11560	-44.8
0.11568	-32.8
0.11576	-20.6
0.11584	-8.9
0.11592	-32.5
0.11600	-16.8
0.11608	-28.6
0.11616	-52.9
0.11624	-8.6
0.11632	-36.5
0.11640	-32.6
0.11648	-28.9
0.11656	-12.6
0.11664	-16.7
0.11672	-32.6
0.11680	-24.8
0.11688	-36.7
0.11696	-20.6
0.11704	-28.9
0.11712	-32.5
0.11720	-28.9
0.11728	-16.7
0.11736	-20.6
0.11744	-48.9
0.11752	-44.5
0.11760	-24.7
0.11768	-24.8
0.11776	-20.6
0.11784	-36.7
0.11792	-16.8
0.11800	-24.5
0.11808	-20.6
0.11816	-20.9
0.11824	-44.5
0.11832	-28.7
0.11840	-24.7
0.11848	-24.7
0.11856	-28.9
0.11864	-32.5
0.11872	-16.7
0.11880	-24.8
0.11888	-32.8
0.11896	-20.7
0.11904	-44.5
0.11912	-20.7
0.11920	-28.7
0.11928	-24.7
0.11936	-32.6
0.11944	-12.6
0.11952	-36.8
0.11960	-32.6
0.11968	-44.7
0.11976	-20.7
0.11984	-32.6
0.11992	-36.7
0.12000	-24.8
0.12008	-16.4
0.12016	-16.8
0.12024	-20.7
0.12032	-28.9
0.12040	-28.4
0.12048	-40.7
0.12056	-32.8
0.12064	-24.7
0.12072	-24.7
0.12080	-20.7
0.12088	-28.6
0.12096	-48.7
0.12104	-20.9
0.12112	-40.6
0.12120	-24.7
0.12128	-28.7
0.12136	-8.7
0.12144	-8.6
0.12152	-36.7
0.12160	-28.7
0.12168	-32.8
0.12176	-20.6
0.12184	-40.6
0.12192	-28.9
0.12200	-32.6
0.12208	-24.7
0.12216	-4.8
0.12224	-28.6
0.12232	-28.7
0.12240	-12.5
0.12248	-44.8
0.12256	-16.7
0.12264	-40.9
0.12272	-8.6
0.12280	-24.7
0.12288	-20.7
0.12296	-28.6
0.12304	-8.7
0.12312	-28.7
0.12320	-44.7
0.12328	-36.8
0.12336	-20.4
0.12344	-20.9
0.12352	-12.6
0.12360	-20.7
0.12368	-16.5
0.12376	-32.6
0.12384	-24.8
0.12392	-24.7
0.12400	-16.7
0.12408	-40.7
0.12416	-24.7
0.12424	-32.6
0.12432	-24.7
0.12440	-36.8
0.12448	-20.7
0.12456	-20.6
0.12464	-24.8
0.12472	-40.6
0.12480	-40.6
0.12488	-32.6
0.12496	-16.7
0.12504	-24.8
0.12512	-24.5
0.12520	-48.9
0.12528	-40.6
0.12536	-24.7
0.12544	-20.7
0.12552	-24.7
0.12560	-32.8
0.12568	-36.5
0.12576	-24.8
0.12584	-32.6
0.12592	-24.8
0.12600	-24.7
0.12608	-8.6
0.12616	-28.7
0.12624	-40.9
0.12632	-20.4
0.12640	-32.6
0.12648	-40.7
0.12656	-32.8
0.12664	-20.7
0.12672	-28.6
0.12680	-48.6
0.12688	-28.7
0.12696	-48.7
0.12704	-36.8
0.12712	-40.6
0.12720	-20.7
0.12728	-16.8
0.12736	-20.6
0.12744	-28.6
0.12752	-36.7
0.12760	-24.8
0.12768	-28.6
0.12776	-40.7
0.12784	-40.6
0.12792	-16.7
0.12800	-32.8
0.12808	-20.7
0.12816	-4.5
0.12824	-20.7
0.12832	-12.8
0.12840	-24.7
0.12848	-16.5
0.12856	-24.7
0.12864	-45.0
0.12872	-12.6
0.12880	-24.7
0.12888	-28.6
0.12896	-28.7
0.12904	-16.7
0.12912	-32.8
0.12920	-44.7
0.12928	-28.6
0.12936	-32.9
0.12944	-28.7
0.12952	-8.6
0.12960	-16.7
0.12968	-28.7
0.12976	-24.5
0.12984	-32.8
0.12992	-24.7
0.13000	-28.7
0.13008	-16.7
0.13016	-20.7
0.13024	-12.6
0.13032	-28.7
0.13040	-28.7
0.13048	-16.5
0.13056	-12.9
0.13064	-16.7
0.13072	-44.7
0.13080	-56.5
0.13088	-28.7
0.13096	-28.7
0.13104	-36.7
0.13112	-16.7
0.13120	-20.7
0.13128	-16.7
0.13136	-20.7
0.13144	-20.6
0.13152	-24.5
0.13160	-20.9
0.13168	-0.7
0.13176	-24.5
0.13184	-36.7
0.13192	-32.8
0.13200	-40.7
0.13208	-32.6
0.13216	-28.7
0.13224	-32.8
0.13232	-12.6
0.13240	-40.6
0.13248	-20.6
0.13256	-32.9
0.13264	-24.5
0.13272	-28.7
0.13280	-8.6
0.13288	-20.9
0.13296	-28.6
0.13304	-24.8
0.13312	-28.7
0.13320	-28.6
0.13328	-32.6
0.13336	-20.6
0.13344	-36.8
0.13352	-20.7
0.13360	-20.7
0.13368	-12.3
0.13376	-36.8
0.13384	-16.8
0.13392	-40.7
0.13400	-32.6
0.13408	-52.6
0.13416	-16.8
0.13424	-16.4
0.13432	-40.7
0.13440	-12.8
0.13448	-28.7
0.13456	-20.6
0.13464	-40.7
0.13472	-20.7
0.13480	-16.5
0.13488	-32.6
0.13496	-0.9
0.13504	-28.6
0.13512	-44.8
0.13520	-24.7
0.13528	-20.6
0.13536	-12.8
0.13544	-12.5
0.13552	-32.8
0.13560	-20.7
0.13568	-36.5
0.13576	-28.9
0.13584	-48.7
0.13592	-20.6
0.13600	-9.0
0.13608	-12.5
0.13616	-36.7
0.13624	-4.5
0.13632	-24.7
0.13640	-28.9
0.13648	-12.6
0.13656	-32.8
0.13664	-48.6
0.13672	-40.7
0.13680	-32.6
0.13688	-20.7
0.13696	-36.8
0.13704	-40.6
0.13712	-24.7
0.13720	-32.8
0.13728	-32.5
0.13736	-36.7
0.13744	-20.7
0.13752	-20.9
0.13760	-36.5
0.13768	-36.7
0.13776	-16.7
0.13784	-12.6
0.13792	-20.9
0.13800	-36.5
0.13808	-24.8
0.13816	-28.6
0.13824	-24.7
0.13832	-24.7
0.13840	-32.6
0.13848	-16.7
0.13856	-24.7
0.13864	-45.0
0.13872	-16.5
0.13880	-16.5
0.13888	-8.9
0.13896	-20.6
0.13904	-24.7
0.13912	-28.7
0.13920	-12.8
0.13928	-44.7
0.13936	-20.7
0.13944	-28.6
0.13952	-28.9
0.13960	-12.5
0.13968	-4.8
0.13976	-40.7
0.13984	-4.7
0.13992	-16.7
0.14000	-20.7
0.14008	-16.7
0.14016	-4.7
0.14024	-32.6
0.14032	-4.8
0.14040	-44.5
0.14048	-40.9
0.14056	-24.7
0.14064	3.5
0.14072	-20.6
0.14080	-36.8
0.14088	-52.6
0.14096	-8.7
0.14104	-24.7
0.14112	-48.7
0.14120	-32.6
0.14128	-24.7
0.14136	-8.7
0.14144	-8.9
0.14152	-28.4
0.14160	-12.8
0.14168	-36.8
0.14176	-32.5
0.14184	-28.9
0.14192	-32.5
0.14200	-36.7
0.14208	-32.9
0.14216	-20.4
0.14224	-12.8
0.14232	-24.7
0.14240	-36.7
0.14248	-20.7
0.14256	-24.8
0.14264	-28.7
0.14272	-12.5
0.14280	-28.7
0.14288	-40.7
0.14296	-56.7
0.14304	-36.7
0.14312	-28.7
0.14320	-24.7
0.14328	-12.6
0.14336	-24.8
0.14344	-24.7
0.14352	-12.6
0.14360	-44.8
0.14368	-16.7
0.14376	-32.5
0.14384	-20.7
0.14392	-28.7
0.14400	-24.7
0.14408	-16.7
0.14416	-40.7
0.14424	-28.6
0.14432	-20.9
0.14440	-12.6
0.14448	-32.8
0.14456	-28.7
0.14464	-40.4
0.14472	-20.6
0.14480	-16.8
0.14488	-40.7
0.14496	-36.7
0.14504	-12.8
0.14512	-20.4
0.14520	-28.9
0.14528	-36.7
0.14536	-20.6
0.14544	-28.7
0.14552	-32.6
0.14560	-32.5
0.14568	-45.0
0.14576	-16.7
0.14584	-40.7
0.14592	-32.5
0.14600	-24.8
0.14608	-32.8
0.14616	-24.5
0.14624	-32.8
0.14632	-8.6
0.14640	-32.8
0.14648	-8.7
0.14656	-36.7
0.14664	-52.8
0.14672	-36.4
0.14680	-32.8
0.14688	-40.7
0.14696	-8.7
0.14704	-24.7
0.14712	-24.7
0.14720	-20.9
0.14728	-20.6
0.14736	-40.6
0.14744	-20.9
0.14752	-36.5
0.14760	-24.8
0.14768	-28.4
0.14776	-28.9
0.14784	-32.6
0.14792	-32.8
0.14800	-12.5
0.14808	-20.9
0.14816	-40.4
0.14824	-36.8
0.14832	-40.6
0.14840	-24.8
0.14848	-40.6
0.14856	-36.7
0.14864	-36.7
0.14872	-24.8
0.14880	-32.6
0.14888	-20.7
0.14896	-28.7
0.14904	-12.6
0.14912	-16.7
0.14920	-28.6
0.14928	-24.7
0.14936	-40.9
0.14944	-44.7
0.14952	-20.7
0.14960	-40.6
0.14968	-28.7
0.14976	-24.8
0.14984	-32.5
0.14992	-32.8
0.15000	-16.8
0.15008	-32.3
0.15016	-44.8
0.15024	-16.7
0.15032	-28.7
0.15040	-36.7
0.15048	-24.7
0.15056	-24.8
0.15064	-32.5
0.15072	-28.9
0.15080	-12.6
0.15088	-28.7
0.15096	-24.7
0.15104	-36.8
0.15112	-20.6
0.15120	-32.8
0.15128	-52.6
0.15136	-48.4
0.15144	-17.0
0.15152	-16.7
0.15160	-36.5
0.15168	-44.7
0.15176	-16.7
0.15184	-36.8
0.15192	-36.7
0.15200	-8.6
0.15208	-28.9
0.15216	-28.6
0.15224	-28.6
0.15232	-12.8
0.15240	-52.6
0.15248	-16.8
0.15256	-16.5
0.15264	-4.7
0.15272	-16.7
0.15280	-20.7
0.15288	-20.6
0.15296	-28.7
0.15304	-12.8
0.15312	-28.7
0.15320	-4.8
0.15328	-28.6
0.15336	-8.6
0.15344	-32.8
0.15352	-4.7
0.15360	-44.8
0.15368	-20.6
0.15376	-24.7
0.15384	-28.9
0.15392	-36.5
0.15400	-16.7
0.15408	-32.6
0.15416	-20.9
0.15424	-28.6
0.15432	-8.7
0.15440	-28.7
0.15448	-36.5
0.15456	-24.8
0.15464	-8.6
0.15472	-40.9
0.15480	-20.6
0.15488	-36.5
0.15496	-36.8
0.15504	-32.6
0.15512	-36.7
0.15520	-32.8
0.15528	-20.7
0.15536	-36.5
0.15544	-44.7
0.15552	-16.7
0.15560	-28.7
0.15568	-12.8
0.15576	-32.6
0.15584	-24.7
0.15592	-40.7
0.15600	-12.5
0.15608	-25.0
0.15616	-24.7
0.15624	-48.7
0.15632	-16.7
0.15640	3.5
0.15648	-24.7
0.15656	-44.8
0.15664	-16.5
0.15672	-32.8
0.15680	-24.8
0.15688	-36.7
0.15696	-40.6
0.15704	-8.6
0.15712	-20.6
0.15720	-8.9
0.15728	-32.6
0.15736	-12.8
0.15744	-16.7
0.15752	-20.6
0.15760	-24.8
0.15768	-12.6
0.15776	-12.8
0.15784	-16.8
0.15792	-36.5
0.15800	-28.6
0.15808	-4.8
0.15816	-24.8
0.15824	-16.4
0.15832	-20.7
0.15840	-32.8
0.15848	-16.7
0.15856	-44.8
0.15864	-32.5
0.15872	-32.9
0.15880	-0.6
0.15888	-28.7
0.15896	-4.5
0.15904	-16.7
0.15912	-36.8
0.15920	-36.5
0.15928	-24.7
0.15936	-32.9
0.15944	-40.4
0.15952	-40.9
0.15960	-20.4
0.15968	-32.9
0.15976	-28.6
0.15984	-36.5
0.15992	-44.8
0.16000	-20.6
